42,61,1
28,51,1
37,56,1
23,68,1
58,41,1
60,50,1
61,23,1
18,5,1
51,14,1
53,17,1
16,27,1
38,16,1
3,17,1
70,27,1
14,59,1
44,39,1
52,43,1
55,10,1
8,3,1
9,34,1
9,47,1
54,7,1
75,20,1
39,57,1
20,32,1
47,9,1
56,31,1
55,0,1
2,38,1
30,60,1
0,1,1
35,0,1
64,12,1
48,29,1
46,19,1
38,35,1
47,38,1
49,47,1
13,16,1
24,68,1
70,21,1
68,33,1
2,35,1
54,31,1
33,62,1
33,16,1
21,18,1
1,21,1
30,58,1
21,75,1
7,76,1
57,7,1
7,68,1
9,74,1
3,23,1
64,41,1
53,44,1
62,34,1
16,34,1
21,12,1
35,10,1
72,30,1
34,32,1
36,70,1
23,58,1
69,11,1
66,16,1
52,9,1
46,58,1
17,43,1
55,30,1
15,75,1
14,3,1
45,45,1
30,16,1
73,16,1
31,48,1
59,47,1
4,44,1
10,79,1
32,72,1
27,38,1
21,7,1
13,8,1
56,17,1
23,26,1
7,5,1
50,19,1
13,62,1
64,5,1
45,30,1
49,59,1
17,43,1
4,20,1
15,8,1
2,33,1
49,36,1
31,64,1
75,9,1
0,55,1
35,61,1
47,52,1
2,76,1
14,40,1
28,56,1
48,62,1
47,0,1
25,28,1
47,30,1
79,5,1
1,79,1
69,23,1
14,42,1
42,66,1
67,1,1
51,59,1
54,50,1
47,20,1
43,13,1
25,71,1
47,1,1
13,60,1
34,22,1
21,30,1
35,25,1
61,29,1
30,40,1
60,20,1
1,28,1
17,32,1
7,32,1
11,40,1
38,34,1
2,57,1
32,14,1
72,30,1
34,60,1
34,27,1
70,20,1
11,7,1
10,7,1
10,71,1
14,12,1
7,59,1
58,15,1
11,53,1
27,17,1
8,48,1
28,10,1
40,41,1
1,29,1
22,14,1
69,11,1
56,0,1
47,60,1
46,38,1
23,61,1
63,16,1
12,24,1
47,39,1
12,37,1
29,8,1
1,2,1
16,5,1
40,33,1
12,47,1
4,41,1
18,22,1
59,22,1
8,9,1
0,52,1
36,36,1
26,5,1
43,41,1
59,40,1
23,26,1
68,39,1
46,11,1
48,49,1
36,9,1
26,55,1
41,19,1
42,62,1
51,34,1
59,16,1
48,30,1
53,2,1
15,35,1
31,17,1
45,0,1
54,26,1
0,21,1
3,8,1
55,11,1
51,40,1
50,55,1
75,3,1
2,49,1
70,33,1
49,41,1
3,71,1
37,35,1
33,57,1
37,16,1
50,1,1
23,55,1
66,20,1
65,42,1
36,14,1
9,4,1
33,13,1
22,0,1
16,35,1
53,46,1
33,4,1
61,23,1
20,31,1
39,19,1
42,37,1
57,19,1
5,48,1
28,19,1
77,21,1
30,53,1
51,29,1
37,54,1
44,57,1
26,52,1
18,28,1
44,40,1
1,68,1
63,49,1
67,28,1
67,25,1
68,7,1
45,9,1
10,15,1
24,43,1
36,29,1
22,48,1
31,34,1
24,41,1
24,39,1
28,44,1
72,9,1
56,1,1
2,59,1
43,53,1
74,17,1
2,33,1
42,37,1
5,17,1
17,39,1
66,23,1
53,6,1
45,9,1
53,7,1
68,22,1
35,33,1
20,27,1
15,19,1
72,19,1
34,68,1
15,75,1
54,37,1
62,47,1
23,25,1
41,58,1
27,14,1
71,10,1
26,17,1
8,61,1
33,52,1
75,14,1
18,42,1
55,46,1
71,7,1
59,39,1
2,20,1
60,2,1
49,19,1
26,65,1
51,7,1
25,7,1
7,2,1
52,31,1
29,21,1
31,27,1
8,57,1
67,31,1
51,16,1
57,5,1
54,5,1
37,4,1
47,47,1
11,11,1
20,7,1
26,19,1
12,46,1
73,2,1
28,27,1
19,76,1
67,34,1
51,7,1
64,19,1
35,26,1
27,31,1
51,36,1
44,2,1
21,3,1
25,18,1
21,13,1
43,18,1
40,41,1
64,29,1
7,31,1
65,34,1
37,0,1
27,20,1
5,15,1
54,57,1
53,55,1
41,48,1
46,45,1
56,15,1
43,46,1
64,25,1
44,60,1
28,12,1
3,70,1
9,70,1
57,17,1
41,0,1
37,40,1
49,49,1
63,26,1
21,6,1
9,76,1
32,58,1
48,47,1
38,48,1
51,18,1
43,64,1
16,56,1
17,56,1
28,46,1
1,35,1
18,5,1
65,3,1
2,14,1
11,25,1
44,24,1
13,49,1
7,68,1
15,11,1
14,34,1
35,68,1
43,47,1
30,15,1
38,62,1
67,19,1
74,30,1
54,51,1
34,35,1
39,63,1
69,4,1
11,45,1
62,23,1
63,3,1
1,25,1
9,46,1
66,32,1
31,39,1
77,9,1
12,66,1
26,60,1
28,61,1
73,24,1
69,36,1
59,24,1
56,12,1
18,21,1
46,53,1
20,10,1
3,21,1
31,7,1
71,4,1
24,31,1
38,35,1
3,12,1
57,8,1
61,7,1
35,33,1
57,13,1
7,53,1
25,28,1
42,32,1
18,72,1
26,5,1
41,4,1
45,40,1
64,16,1
25,65,1
37,55,1
13,22,1
44,29,1
48,31,1
11,59,1
70,12,1
31,39,1
73,7,1
33,29,1
11,9,1
48,17,1
31,67,1
18,61,1
13,32,1
9,70,1
37,13,1
73,6,1
49,57,1
32,12,1
72,24,1
47,11,1
32,5,1
66,38,1
45,66,1
47,17,1
36,3,1
11,8,1
63,13,1
13,49,1
60,40,1
59,32,1
10,79,1
25,28,1
20,77,1
7,57,1
9,39,1
33,26,1
48,57,1
23,54,1
4,3,1
61,51,1
55,48,1
62,6,1
74,4,1
42,16,1
65,31,1
60,51,1
2,20,1
54,27,1
11,16,1
48,52,1
67,19,1
25,52,1
70,17,1
29,55,1
46,16,1
40,63,1
35,27,1
56,9,1
48,56,1
74,4,1
55,25,1
54,9,1
8,49,1
47,2,1
26,64,1
55,26,1
18,21,1
73,30,1
25,28,1
28,17,1
34,21,1
69,20,1
38,43,1
51,40,1
61,15,1
16,12,1
24,66,1
6,54,1
5,24,1
26,8,1
47,58,1
6,79,1
71,3,1
40,23,1
35,28,1
38,39,1
23,51,1
28,56,1
32,48,1
44,19,1
46,8,1
42,63,1
4,79,1
24,50,1
55,45,1
41,45,1
29,34,1
34,45,1
64,7,1

66,18,1
9,21,1
3,8,1
46,30,1
17,73,1
25,62,1
58,22,1
64,26,1
70,38,1
25,44,1
41,22,1
9,75,1
10,77,1
74,14,1
57,6,1
11,0,1
6,20,1
7,14,1
27,33,1
26,68,1
40,12,1
70,33,1
11,49,1
34,26,1
28,54,1
34,5,1
24,5,1
5,24,1
0,49,1
45,29,1
56,7,1
45,48,1
27,47,1
44,16,1
52,26,1
23,46,1
13,8,1
17,5,1
32,41,1
39,62,1
31,8,1
40,58,1
29,13,1
54,36,1
54,27,1
35,11,1
76,23,1
68,13,1
68,0,1
58,52,1
47,48,1
10,5,1
71,1,1
31,23,1
7,57,1
11,8,1
72,29,1
66,30,1
21,63,1
6,72,1
51,27,1
52,31,1
37,24,1
10,33,1
9,61,1
18,69,1
66,20,1
17,59,1
21,69,1
72,23,1
50,48,1
51,58,1
48,7,1
7,29,1
21,23,1
10,6,1
62,48,1
24,25,1
64,19,1
18,34,1
15,56,1
28,22,1
6,64,1
74,4,1
36,0,1
12,30,1
73,10,1
34,18,1
27,9,1
4,79,1
5,16,1
63,12,1
63,9,1
44,3,1
21,15,1
23,9,1
56,9,1
4,7,1
40,1,1
36,68,1
73,32,1
12,34,1
21,25,1
39,47,1
24,39,1
77,2,1
40,40,1
40,57,1
56,5,1
20,56,1
49,49,1
41,65,1
5,25,1
27,28,1
21,63,1
72,14,1
55,27,1
16,32,1
77,4,1
20,59,1
21,63,1
5,28,1
11,18,1
35,6,1
4,53,1
13,6,1
42,0,1
58,38,1
18,23,1
54,17,1
69,15,1
30,70,1
42,16,1
3,34,1
64,10,1
9,41,1
51,14,1
18,12,1
58,15,1
42,16,1
32,56,1
36,62,1
21,42,1
3,27,1
15,58,1
10,48,1
64,7,1
21,76,1
67,15,1
24,51,1
20,31,1
5,61,1
25,36,1
34,34,1
11,9,1
45,40,1
29,2,1
49,6,1
4,39,1
66,13,1
67,5,1
53,44,1
16,29,1
2,3,1
29,68,1
5,2,1
18,18,1
50,39,1
15,36,1
32,42,1
25,52,1
50,48,1
32,63,1
73,11,1
16,49,1
65,9,1
79,6,1
28,67,1
43,45,1
7,21,1
43,18,1
70,37,1
0,42,1
50,9,1
11,1,1
52,47,1
31,51,1
34,37,1
40,17,1
8,66,1
2,78,1
77,12,1
15,48,1
42,67,1
11,50,1
69,29,1
2,18,1
76,24,1
10,2,1
74,17,1
10,46,1
16,9,1
1,51,1
15,78,1
1,66,1
67,6,1
21,48,1
19,73,1
22,12,1
45,52,1
72,8,1
10,11,1
58,14,1
21,31,1
14,18,1
36,60,1
0,28,1
79,12,1
38,44,1
42,56,1
25,70,1
35,54,1
66,27,1
1,57,1
16,51,1
71,17,1
13,12,1
19,64,1
28,32,1
34,46,1
22,52,1
25,71,1
25,4,1
19,10,1
7,41,1
15,73,1
36,19,1
11,41,1
33,11,1
11,28,1
58,34,1
32,35,1
55,15,1
5,49,1
57,5,1
10,53,1
60,41,1
76,10,1
18,32,1
58,4,1
32,19,1
40,69,1
11,70,1
58,1,1
39,23,1
73,14,1
36,59,1
71,16,1
11,64,1
4,37,1
61,4,1
33,47,1
53,58,1
63,27,1
40,5,1
31,38,1
37,12,1
66,17,1
39,16,1
41,61,1
38,22,1
30,61,1
54,10,1
9,5,1
17,33,1
6,17,1
24,32,1
18,33,1
28,43,1
26,58,1
60,44,1
63,41,1
21,54,1
63,41,1
51,5,1
6,18,1
39,51,1
7,12,1
19,73,1
13,51,1
1,59,1
39,47,1
3,60,1
35,3,1
54,37,1
8,24,1
46,48,1
71,29,1
22,31,1
47,31,1
1,26,1
49,13,1
42,53,1
15,33,1
21,48,1
59,14,1
12,68,1
59,6,1
5,59,1
23,71,1
49,3,1
61,2,1
6,59,1
24,22,1
49,33,1
22,12,1
73,15,1
31,33,1
30,23,1
33,7,1
40,16,1
29,4,1
58,21,1
58,31,1
35,37,1
14,14,1
37,30,1
47,5,1
44,22,1
3,3,1
11,51,1
25,17,1
35,17,1
50,59,1
45,36,1
40,28,1
22,13,1
56,12,1
47,41,1
35,19,1
21,29,1
2,49,1
11,73,1
59,35,1
29,0,1
35,44,1
64,6,1
24,49,1
40,41,1
19,14,1
50,11,1
19,6,1
35,19,1
66,9,1
13,30,1
74,27,1
40,5,1
43,51,1
42,32,1
5,32,1
39,5,1
10,17,1
11,39,1
42,57,1
22,12,1
21,68,1
10,70,1
17,66,1
45,5,1
25,66,1
43,44,1
9,62,1
16,1,1
6,56,1
34,62,1
61,27,1
2,55,1
68,22,1
46,30,1
42,28,1
15,17,1
6,70,1
14,47,1
56,40,1
63,14,1
54,5,1
22,6,1
40,31,1
42,13,1
58,32,1
37,62,1
27,71,1
0,37,1
50,21,1
38,25,1
0,40,1
39,29,1
66,26,1
24,75,1
35,61,1
42,21,1
62,21,1
53,10,1
7,63,1
72,28,1
38,24,1
15,63,1
36,29,1
18,8,1
25,5,1
15,27,1
3,19,1
23,64,1
48,51,1
67,25,1
22,61,1
1,62,1
34,52,1
11,11,1
21,52,1
39,54,1
16,28,1
24,47,1
13,26,1
59,41,1
32,16,1
5,74,1
36,45,1
14,56,1
35,68,1
52,17,1
2,46,1
31,27,1
71,29,1
26,65,1
53,9,1
17,76,1
12,58,1
47,28,1
35,32,1
53,9,1
17,53,1
31,63,1
32,47,1
2,72,1
22,20,1
51,14,1
50,62,1
25,67,1
22,0,1
32,8,1
66,37,1
60,31,1
65,10,1
69,25,1
0,59,1
41,32,1
47,32,1
63,43,1
36,31,1
20,22,1
48,59,1
21,65,1
18,29,1
61,32,1
46,52,1
33,47,1
12,65,1
7,67,1
5,41,1
9,21,1
32,41,1
9,60,1
65,45,1
5,72,1
55,57,1
35,17,1
8,9,1
39,22,1
6,34,1
7,63,1
15,17,1
12,46,1
25,4,1
61,26,1
3,13,1
68,7,1
21,46,1
49,2,1
48,4,1
73,5,1
76,15,1
68,33,1
45,6,1
35,34,1
